TOTAL_START=Wed Feb  8 10:16:50 2017
PREPROCESSING_START=0
PREPROCESSING_DONE=0
SEARCH_START=Wed Feb  8 10:16:50 2017
SEARCH_DONE=Wed Feb  8 10:16:56 2017
SOLUTION_TIME=5.2219799
STATUS=error
SOLUTION=(0,0,0,0,0,8,0,0,3,0,0,0,0,0,0,0,0,8,0,0,5,0,0,0,9,1,0,4,0,0,5,2,0,0,0,0,0,0,8,6,7,3,0,0,0,0,9,0,4,0,0,0,0,0,0,0,6,3,5,7,0,0,0,5,0,2,9,0,0,0,0,0,8,3,0,0,0,0,0,4,0)
COUNT_NODES=106
COUNT_DEADENDS=106
N:9	p:3	q:3
0 0 0 | 0 0 8 | 0 0 3 
0 0 0 | 0 0 0 | 0 0 8 
0 0 5 | 0 0 0 | 9 1 0 
- - - - - - - - - - - 
4 0 0 | 5 2 0 | 0 0 0 
0 0 8 | 6 7 3 | 0 0 0 
0 9 0 | 4 0 0 | 0 0 0 
- - - - - - - - - - - 
0 0 6 | 3 5 7 | 0 0 0 
5 0 2 | 9 0 0 | 0 0 0 
8 3 0 | 0 0 0 | 0 4 0 
